971
971
971
971
971
971
971
971
971
971
1113
1113
1113
1113
1113
1113
1113
1113
1113
1113
333
333
685
685
685
685
685
685
685
685
1487
1487
1487
1487
1487
1487
1487
1487
1487
1487
1487
1487
1487
1618
1618
1618
1618
1618
1618
1618
1618
1618
1618
1618
1618
1618
1618
629
629
629
629
629
629
1720
1720
1720
1720
1720
1720
1720
1720
1720
1720
1720
1720
1720
1720
1146
1146
1146
1146
1146
1146
1146
1146
1146
1146
1146
1146
1146
17
539
539
539
539
539
242
242
1273
1273
1273
1273
1273
1273
1273
1273
1273
1273
1273
801
801
801
801
801
801
284
284
381
381
381
928
928
928
928
928
928
928
928
928
928
928
276
276
1617
1617
1617
1617
1617
1617
1617
1617
1617
1617
1617
1617
1617
1617
124
222
222
222
185
185
699
699
699
699
699
699
1481
1481
1481
1481
1481
1481
1481
1481
1481
1481
1481
1481
726
726
726
726
726
726
726
972
972
972
972
972
972
972
972
972
972
972
972
972
1109
1109
1109
1109
1109
1109
1109
1109
1109
1109
1109
152
152
50
795
795
795
795
795
795
795
795
795
321
321
321
321
1352
1352
1352
1352
1352
1352
1352
1352
1352
1352
1352
1352
965
965
965
965
965
965
965
965
965
1266
1266
1266
1266
1266
1266
1266
1266
1266
1266
1266
188
156
949
949
949
949
949
949
949
949
949
949
503
503
503
612
612
612
612
612
612
451
451
451
451
451
412
412
412
853
853
853
853
853
853
853
853
223
223
223
1047
1047
1047
1047
1047
1047
1047
1047
1047
104
597
597
597
597
597
597
597
597
950
950
950
950
950
950
950
950
950
950
950
117
117
845
845
845
845
845
845
845
845
750
750
750
750
750
750
750
750
750
750
750
1248
1248
1248
1248
1248
1248
1248
1248
1248
1248
1248
1248
1248
1094
1094
1094
1094
1094
1094
1094
1094
1094
1094
1094
1094
788
788
788
788
788
788
788
788
788
788
605
605
605
605
605
605
1315
1315
1315
1315
1315
1315
1315
1315
1315
1315
1315
1315
660
660
660
660
660
660
1108
1108
1108
1108
1108
1108
1108
1108
1108
1108
818
818
818
818
818
818
818
892
892
892
892
892
892
60
1102
1102
1102
1102
1102
1102
1102
1102
1102
197
197
197
197
197
81
81
732
732
732
732
732
732
732
732
1029
1029
1029
1029
1029
1029
1029
1029
1029
379
379
379
379
798
798
798
798
798
798
798
798
798
186
921
921
921
921
921
921
921
1139
1139
1139
1139
1139
1139
1139
1139
1139
1139
1139
1139
1139
1635
1635
1635
1635
1635
1635
1635
1635
1635
1635
1635
1635
1635
1635
1701
1701
1701
1701
1701
1701
1701
1701
1701
1701
1701
1701
1701
1701
197
197
978
978
978
978
978
978
978
978
978
978
663
663
663
663
459
459
459
625
625
625
625
625
625
625
792
792
792
792
792
792
792
1177
1177
1177
1177
1177
1177
1177
1177
1177
1177
1177
1177
1177
1637
1637
1637
1637
1637
1637
1637
1637
1637
1637
1637
1637
1637
1637
1234
1234
1234
1234
1234
1234
1234
1234
1234
1234
1234
1234
1234
1234
1140
1140
1140
1140
1140
1140
1140
1140
1140
1140
1140
1140
1140
1140
1379
1379
1379
1379
1379
1379
1379
1379
1379
1379
1379
1379
1379
1379
270
270
270
270
417
417
417
417
838
838
838
838
838
838
838
405
405
405
405
1398
1398
1398
1398
1398
1398
1398
1398
1398
1398
1398
484
484
484
484
484
1099
1099
1099
1099
1099
1099
1099
1099
1099
1099
692
692
692
692
692
692
692
692
692
