115,141,163,133,25,84,96,86,104,24, 971
143,146,159,34,94,20,127,105,167,118, 1113
186,147, 333
32,184,198,114,51,62,23,21, 685
131,146,110,153,24,113,194,138,29,23,177,72,177, 1487
146,161,90,46,186,26,95,193,54,151,70,74,179,147, 1618
138,121,92,116,72,90, 629
161,150,175,23,48,108,25,199,66,157,113,172,188,135, 1720
166,109,22,139,130,25,80,103,22,183,48,93,26, 1146
17, 17
141,11,170,141,76, 539
132,110, 242
146,179,49,117,128,62,79,13,152,164,184, 1273
190,107,170,106,96,132, 801
181,103, 284
107,89,185, 381
154,100,25,32,45,40,142,69,94,91,136, 928
138,138, 276
23,149,160,94,177,178,110,130,96,192,158,34,95,21, 1617
124, 124
87,17,118, 222
104,81, 185
137,130,174,58,129,71, 699
160,127,195,116,113,175,79,92,28,146,86,164, 1481
98,164,120,126,39,101,78, 726
85,35,81,185,35,50,89,105,19,86,58,90,54, 972
32,132,92,60,166,23,126,161,33,97,187, 1109
119,33, 152
50, 50
142,64,189,88,18,78,120,86,10, 795
145,11,84,81, 321
125,120,119,194,96,91,106,18,94,54,143,192, 1352
139,113,188,18,63,96,165,147,36, 965
147,121,164,157,147,27,79,68,112,76,168, 1266
188, 188
156, 156
22,16,96,180,175,182,52,21,165,40, 949
177,167,159, 503
65,14,195,57,148,133, 612
122,44,20,165,100, 451
97,178,137, 412
100,25,74,68,147,70,187,182, 853
47,142,34, 223
110,192,63,76,195,117,168,82,44, 1047
104, 104
19,40,126,184,92,29,20,87, 597
19,75,76,45,69,110,155,55,157,59,130, 950
37,80, 117
98,126,83,175,86,17,167,93, 845
44,22,14,194,63,13,17,74,30,176,103, 750
161,98,170,131,18,125,33,15,78,37,81,141,160, 1248
54,38,152,144,46,51,116,152,56,161,114,10, 1094
88,26,60,106,12,175,100,33,40,148, 788
54,29,169,154,52,147, 605
108,152,186,165,72,130,43,165,90,47,59,98, 1315
126,143,101,42,121,127, 660
51,193,158,126,47,146,120,119,71,77, 1108
135,176,85,60,189,116,57, 818
117,176,121,180,144,154, 892
60, 60
175,196,164,30,120,186,85,89,57, 1102
70,73,14,10,30, 197
33,48, 81
94,90,140,78,49,109,92,80, 732
110,137,153,194,87,11,150,173,14, 1029
99,99,139,42, 379
180,78,136,10,12,180,92,92,18, 798
186, 186
81,182,52,141,135,157,173, 921
81,93,21,89,104,155,12,174,92,158,90,33,37, 1139
93,136,112,34,31,178,122,181,80,197,190,141,50,90, 1635
108,159,189,102,32,127,145,102,44,180,152,27,155,179, 1701
164,33, 197
68,162,20,53,37,155,118,135,131,99, 978
157,162,172,172, 663
177,135,147, 459
44,155,119,10,71,107,119, 625
158,10,82,69,153,153,167, 792
187,63,46,135,31,165,96,63,22,150,32,146,41, 1177
102,52,137,129,149,171,103,27,152,197,195,79,23,121, 1637
196,111,154,47,82,41,59,100,179,23,73,46,81,42, 1234
17,73,109,165,30,96,111,24,13,149,190,97,13,53, 1140
104,20,195,111,126,36,62,10,181,183,180,38,102,31, 1379
78,36,13,143, 270
117,51,77,172, 417
154,196,62,110,131,25,160, 838
133,108,104,60, 405
186,115,167,122,96,193,166,23,68,94,168, 1398
88,130,55,142,69, 484
147,124,23,111,33,185,43,137,101,195, 1099
80,46,156,97,63,26,41,54,129, 692
